stroke_fry_free_steady(:,1) = [0.768227	4.32054	8.38437	13.214	16.5188	23.8962	31.2707	37.3815	41.7089	46.5433	53.4161	59.0144	63.8528	71.2306	79.8776	85.9787	92.5859	102.238	110.613	115.18	123.042	129.376	136.713	144.045	150.871	158.968	164.027	171.618	176.933	185.042	192.139	198.735];
stroke_fry_free_steady(:,2) = [85.174	85.87	83.808	78.643	74.856	62.8	52.813	39.03	30.072	21.46	7.3335	-3.0017	-14.3727	-26.7737	-39.1726	-46.0587	-51.9093	-57.0651	-57.0507	-56.0083	-51.1672	-43.2252	-27.0057	-6.6482	12.329	29.929	42.352	58.227	68.926	77.905	85.159	87.239];

pitch_fry_free_steady(:,1) = [0.508259	2.03304	4.3202	6.09911	8.64041	11.4358	14.4854	17.5349	22.1093	26.4295	29.7332	32.7827	37.3571	41.169	47.2681	49.8094	54.1296	58.7039	63.5324	67.0902	71.6645	77.5095	83.3545	88.4371	95.0445	102.922	107.497	109.53	111.563	115.121	117.662	120.203	122.745	125.54	130.368	134.689	138.247	142.058	145.108	150.191	154.511	160.102	165.438	172.808	179.67	184.244	190.343	194.409	197.459	200.254];
pitch_fry_free_steady(:,2) = 80+[-6.5508	-2.41030000000001	6.21429999999999	12.769	27.256	37.951	47.611	56.582	64.176	67.977	68.672	66.953	63.858	61.795	60.771	59.396	56.645	54.929	51.489	47.357	44.606	40.478	35.316	27.739	19.474	3.62569999999999	-6.71120000000001	-14.2939	-23.9456	-35.6636	-46.3489	-60.1376	-66.6849	-76.3353	-80.12005	-78.0436	-70.7961	-64.5827	-59.7498	-54.2238	-52.1474	-50.0688	-50.0596	-48.3227	-44.8626	-41.0616	-31.396	-23.8027	-15.1768	-7.58580000000001];

dev_fry_free_steady(:,1) = [0.507614	7.1066	10.6599	16.4975	25.3807	36.0406	41.8782	48.4772	56.8528	65.4822	71.066	78.6802	87.5635	94.6701	100.508	106.091	110.914	118.02	123.604	127.411	130.964	134.518	140.355	144.924	150	154.569	159.137	164.213	171.32	177.919	188.071	195.685	199.746];
dev_fry_free_steady(:,2) = -10+[20.612	21.31	21.316	18.578	15.158	9.33669999999999	7.6292	4.8924	3.1893	2.517	3.55719999999999	3.5703	7.36409999999999	11.155	13.913	14.953	16.336	14.974	12.235	9.4936	5.0341	0.918099999999996	-2.1635	-3.8732	-4.208	-3.1696	-1.4442	0.625600000000006	5.4469	9.5804	16.125	19.573	20.954];


stroke_fry_tethered_steady(:,1) = [12.47 27.53 39.14 51.18 62.37 77.42 92.04 102.80 112.26 121.72 127.31 132.04 138.50 148.39 157.42 163.87 169.03 175.91 181.94 187.96 194.41 196.99];
stroke_fry_tethered_steady(:,2) = [89.49 84.56 71.36 57.53 39.89 17.85 -6.10 -22.47 -35.69 -44.48 -48.23 -48.82 -43.68 -29.65 -1.67 18.67 36.47 53.01 64.48 72.14 78.54 81.73];

dev_fry_tethered_steady(:,1) = [1.59583	3.60554	6.87693	10.1488	15.6891	23.9991	29.0348	32.5568	37.8427	42.1218	47.6616	54.2106	58.7422	65.2884	73.8475	82.4057	87.6892	90.4565	94.2286	99.0066	102.528	109.067	114.098	116.359	121.636	125.658	133.203	137.228	142.765	147.047	149.313	154.588	157.851	163.129	171.678	177.206	182.484	186.757	191.784	196.056	197.814];
dev_fry_tethered_steady(:,2) = -10+[28.181	30.234	29.556	28.537	24.448	18.656	15.59	15.596	13.556	11.856	8.108	2.31270000000001	-0.0704999999999956	-3.8164	-7.90049999999999	-11.3014	-11.6339	-11.6292	-10.5981	-9.22369999999999	-8.5346	-7.4987	-6.807	-5.0954	-0.646199999999993	1.7516	3.4723	3.4791	1.7808	-1.96899999999999	-3.3313	2.4841	7.613	11.379	14.468	18.917	23.025	25.082	28.847	31.929	33.981];

pitch_fry_tethered_steady(:,1) = [1.60406	2.60253	5.10851	7.86877	10.1296	15.4178	19.9546	22.9792	26.2533	32.2957	39.3443	43.875	49.1603	54.6981	59.9839	68.7966	74.5901	81.6468	89.7101	96.013	102.821	107.615	113.67	117.463	118.983	121.521	124.05	125.831	127.61	128.629	129.903	132.186	133.207	135.481	138.507	141.02	145.29	148.303	152.825	157.355	160.881	168.181	174.472	181.257	187.285	193.31	197.832];
pitch_fry_tethered_steady(:,2) = 73+[23.741	30.232	39.458	46.977	51.421	52.455	50.414	49.053	49.4	51.459	54.545	56.944	60.027	62.769	65.51	67.916	67.926	65.206	63.17	59.082	53.971	48.172	41.352	30.77	24.624	11.308	4.13970000000001	-8.83629999999999	-19.7631	-27.9587	-38.8863	-50.1538	-59.374	-64.4935	-66.8792	-63.1178	-54.5716	-47.0522	-38.8472	-36.107	-35.4179	-32.3314	-27.8804	-16.5975	-3.60809999999999	10.406	19.294];